cluster_id	chr start1	start2	end1	end2	start1_inVariant	start2_inVariant	end1_inVariant	end2_inVariant	Confident_supporting_reads	Potential_supporting_reads	Ptential_segmental_supporting_reads	orientation	polyA-tail_size	5'_TSD_size	3'_TSD_size	Predicted_transD_size	Has_5'_inverted_sequence?	5'_inverted_seq_end	5'_seq_start
cluster0_chr19_4912583_4912583_4912583_4912583	chr19	4912583	4912583	4912583	4912583	3698	3698	6032	6032	0	1	0	-	-	0	0	0	1	3749	4681
cluster1_chr19_4777212_4777212_4777212_4777212	chr19	4777212	4777212	4777212	4777212	5241	5241	6046	6046	0	1	0	-	-	0	0	0	1	5717	5727
cluster2_chr19_4974781_4974781_4974781_4974781	chr19	4974781	4974781	4974781	4974781	5350	5350	6033	6033	0	1	0	+	-	0	0	0	1	5599	5725
cluster3_chr19_4928364_4928364_4928364_4928364	chr19	4928364	4928364	4928364	4928364	5461	5461	6036	6036	0	1	0	-	-	0	0	0	1	5688	5689
cluster4_chr19_4634774_4634774_4634774_4634774	chr19	4634774	4634774	4634774	4634774	782	782	6042	6042	0	1	0	-	-	0	0	0	0	0
cluster5_chr19_4909956_4909956_4909956_4909956	chr19	4909956	4909956	4909956	4909956	3075	3075	6040	6040	0	1	0	+	-	0	0	0	0	0
cluster6_chr19_4909956_4909956_4909956_4909956	chr19	4909956	4909956	4909956	4909956	3078	3078	6042	6042	0	1	0	-	-	0	0	0	0	0
cluster7_chr19_4720710_4720710_4720710_4720710	chr19	4720710	4720710	4720710	4720710	2864	2864	6077	6077	0	1	0	+	-	0	0	0	0	0
cluster8_chr19_4777786_4777786_4777786_4777786	chr19	4777786	4777786	4777786	4777786	2354	2354	6181	6181	0	1	0	+	-	0	0	0	0	0
cluster9_chr19_4932501_4932501_4932501_4932501	chr19	4932501	4932501	4932501	4932501	4610	4610	6038	6038	0	1	0	-	-	0	0	0	0	0
cluster10_chr19_4662876_4662876_4662876_4662876	chr19	4662876	4662876	4662876	4662876	5359	5359	6027	6027	0	1	0	-	-	0	0	0	0	0
cluster11_chr19_4662876_4662876_4662876_4662876	chr19	4662876	4662876	4662876	4662876	5355	5355	6029	6029	0	1	0	+	-	0	0	0	0	0
cluster12_chr19_4662876_4662876_4662876_4662876	chr19	4662876	4662876	4662876	4662876	5932	5932	6039	6039	0	1	0	-	-	0	0	0	0	0
cluster13_chr19_4662876_4662876_4662876_4662876	chr19	4662876	4662876	4662876	4662876	5947	5947	6042	6042	0	1	0	-	-	0	0	0	0	0
cluster14_chr19_4659376_4659376_4659376_4659376	chr19	4659376	4659376	4659376	4659376	5359	5359	6027	6027	0	1	0	-	-	0	0	0	0	0
cluster15_chr19_4659376_4659376_4659376_4659376	chr19	4659376	4659376	4659376	4659376	5355	5355	6029	6029	0	1	0	+	-	0	0	0	0	0
cluster16_chr19_4659376_4659376_4659376_4659376	chr19	4659376	4659376	4659376	4659376	5932	5932	6039	6039	0	1	0	-	-	0	0	0	0	0
cluster17_chr19_4659376_4659376_4659376_4659376	chr19	4659376	4659376	4659376	4659376	5947	5947	6042	6042	0	1	0	-	-	0	0	0	0	0
cluster18_chr19_4658668_4658668_4658668_4658668	chr19	4658668	4658668	4658668	4658668	5359	5359	6027	6027	0	1	0	-	-	0	0	0	0	0
cluster19_chr19_4658668_4658668_4658668_4658668	chr19	4658668	4658668	4658668	4658668	5355	5355	6029	6029	0	1	0	+	-	0	0	0	0	0
cluster20_chr19_4658668_4658668_4658668_4658668	chr19	4658668	4658668	4658668	4658668	5932	5932	6039	6039	0	1	0	-	-	0	0	0	0	0
cluster21_chr19_4658668_4658668_4658668_4658668	chr19	4658668	4658668	4658668	4658668	5947	5947	6042	6042	0	1	0	-	-	0	0	0	0	0
cluster22_chr19_4656851_4656851_4656851_4656851	chr19	4656851	4656851	4656851	4656851	5359	5359	6027	6027	0	1	0	-	-	0	0	0	0	0
cluster23_chr19_4656851_4656851_4656851_4656851	chr19	4656851	4656851	4656851	4656851	5355	5355	6029	6029	0	1	0	+	-	0	0	0	0	0
cluster24_chr19_4656851_4656851_4656851_4656851	chr19	4656851	4656851	4656851	4656851	5932	5932	6039	6039	0	1	0	-	-	0	0	0	0	0
cluster25_chr19_4656851_4656851_4656851_4656851	chr19	4656851	4656851	4656851	4656851	5947	5947	6042	6042	0	1	0	-	-	0	0	0	0	0
cluster26_chr19_4655516_4655516_4655516_4655516	chr19	4655516	4655516	4655516	4655516	5359	5359	6027	6027	0	1	0	-	-	0	0	0	0	0
cluster27_chr19_4655516_4655516_4655516_4655516	chr19	4655516	4655516	4655516	4655516	5355	5355	6029	6029	0	1	0	+	-	0	0	0	0	0
cluster28_chr19_4655516_4655516_4655516_4655516	chr19	4655516	4655516	4655516	4655516	5932	5932	6039	6039	0	1	0	-	-	0	0	0	0	0
cluster29_chr19_4655516_4655516_4655516_4655516	chr19	4655516	4655516	4655516	4655516	5947	5947	6042	6042	0	1	0	-	-	0	0	0	0	0
cluster30_chr19_4912583_4912583_4912583_4912583	chr19	4912583	4912583	4912583	4912583	3973	3973	6033	6033	0	1	0	-	-	0	0	0	0	0
cluster31_chr19_4912583_4912583_4912583_4912583	chr19	4912583	4912583	4912583	4912583	4681	4681	6032	6032	0	1	0	-	-	0	0	0	0	0
cluster32_chr19_4915348_4915348_4915348_4915348	chr19	4915348	4915348	4915348	4915348	4027	4027	6036	6036	0	1	0	+	-	0	0	0	0	0
cluster33_chr19_4908101_4908101_4908101_4908101	chr19	4908101	4908101	4908101	4908101	4473	4473	6052	6052	0	1	0	-	-	0	0	0	0	0
cluster34_chr19_4884220_4884220_4884220_4884220	chr19	4884220	4884220	4884220	4884220	4625	4625	6029	6029	0	1	0	+	-	0	0	0	0	0
cluster35_chr19_4667029_4667029_4667029_4667029	chr19	4667029	4667029	4667029	4667029	4906	4906	6076	6076	0	1	0	-	-	0	0	0	0	0
cluster36_chr19_4890970_4890970_4890970_4890970	chr19	4890970	4890970	4890970	4890970	4580	4580	6036	6036	0	1	0	+	-	0	0	0	0	0
cluster37_chr19_4768717_4768717_4768717_4768717	chr19	4768717	4768717	4768717	4768717	4559	4559	6030	6030	0	1	0	-	-	0	0	0	0	0
cluster38_chr19_4651992_4651992_4651992_4651992	chr19	4651992	4651992	4651992	4651992	4243	4243	6029	6029	0	1	0	-	-	0	0	0	0	0
cluster39_chr19_4815135_4815135_4815135_4815135	chr19	4815135	4815135	4815135	4815135	5322	5322	6043	6043	0	1	0	+	-	0	0	0	0	0
cluster40_chr19_4815135_4815135_4815135_4815135	chr19	4815135	4815135	4815135	4815135	5797	5797	6038	6038	0	1	0	-	-	0	0	0	0	0
cluster41_chr19_4628978_4628978_4628978_4628978	chr19	4628978	4628978	4628978	4628978	5072	5072	6031	6031	0	1	0	+	-	0	0	0	0	0
cluster42_chr19_4870353_4870353_4870353_4870353	chr19	4870353	4870353	4870353	4870353	5767	5767	6067	6067	0	1	0	-	-	0	0	0	0	0
cluster43_chr19_4608797_4608797_4608797_4608797	chr19	4608797	4608797	4608797	4608797	4647	4647	6051	6051	0	1	0	-	-	0	0	0	0	0
cluster44_chr19_4867326_4867326_4867326_4867326	chr19	4867326	4867326	4867326	4867326	5087	5087	6037	6037	0	1	0	+	-	0	0	0	0	0
cluster45_chr19_4590247_4590247_4590247_4590247	chr19	4590247	4590247	4590247	4590247	5150	5150	6057	6057	0	1	0	-	-	0	0	0	0	0
cluster46_chr19_4902650_4902650_4902650_4902650	chr19	4902650	4902650	4902650	4902650	5356	5356	6046	6046	0	1	0	-	-	0	0	0	0	0
cluster47_chr19_4608983_4608983_4608983_4608983	chr19	4608983	4608983	4608983	4608983	5298	5298	6065	6065	0	1	0	-	-	0	0	0	0	0
cluster48_chr19_4608498_4608523_4608498_4608523	chr19	4608498	4608523	4608498	4608523	5327	5327	6043	6062	0	2	1	+	-	0	0	0	0	0
cluster49_chr19_4796025_4796025_4796025_4796025	chr19	4796025	4796025	4796025	4796025	5525	5525	6056	6056	0	1	0	-	-	0	0	0	0	0
cluster50_chr19_4625919_4625919_4625919_4625919	chr19	4625919	4625919	4625919	4625919	5418	5418	6026	6026	0	1	0	+	-	0	0	0	0	0
cluster51_chr19_4625919_4625919_4625919_4625919	chr19	4625919	4625919	4625919	4625919	5266	5266	6028	6028	0	1	0	-	-	0	0	0	0	0
cluster52_chr19_4623911_4623911_4623911_4623911	chr19	4623911	4623911	4623911	4623911	5418	5418	6026	6026	0	1	0	+	-	0	0	0	0	0
cluster53_chr19_4623911_4623911_4623911_4623911	chr19	4623911	4623911	4623911	4623911	5266	5266	6028	6028	0	1	0	-	-	0	0	0	0	0
cluster54_chr19_4777212_4777212_4777212_4777212	chr19	4777212	4777212	4777212	4777212	5727	5727	6046	6046	0	1	0	-	-	0	0	0	0	0
cluster55_chr19_4773324_4773324_4773324_4773324	chr19	4773324	4773324	4773324	4773324	5694	5694	6048	6048	0	1	0	-	-	0	0	0	0	0
cluster56_chr19_4667273_4667273_4667273_4667273	chr19	4667273	4667273	4667273	4667273	5481	5481	6060	6060	0	1	0	-	-	0	0	0	0	0
cluster57_chr19_4974781_4974781_4974781_4974781	chr19	4974781	4974781	4974781	4974781	5725	5725	6033	6033	0	1	0	+	-	0	0	0	0	0
cluster58_chr19_4928364_4928364_4928364_4928364	chr19	4928364	4928364	4928364	4928364	5689	5689	6036	6036	0	1	0	-	-	0	0	0	0	0
cluster59_chr19_4888426_4888426_4888426_4888426	chr19	4888426	4888426	4888426	4888426	5803	5803	6071	6071	0	1	0	+	-	0	0	0	0	0
cluster60_chr19_4855602_4855602_4855602_4855602	chr19	4855602	4855602	4855602	4855602	5616	5616	6036	6036	0	1	0	-	-	0	0	0	0	0
cluster61_chr19_4867783_4867783_4867783_4867783	chr19	4867783	4867783	4867783	4867783	5803	5803	6073	6073	0	1	0	+	-	0	0	0	0	0
cluster62_chr19_4868906_4868906_4868906_4868906	chr19	4868906	4868906	4868906	4868906	5803	5803	6071	6071	0	1	0	+	-	0	0	0	0	0
cluster63_chr19_4768876_4768876_4768876_4768876	chr19	4768876	4768876	4768876	4768876	5747	5747	6038	6038	0	1	0	-	-	0	0	0	0	0
cluster64_chr19_4747136_4747136_4747136_4747136	chr19	4747136	4747136	4747136	4747136	5747	5747	6038	6038	0	1	0	+	-	0	0	0	0	0
cluster65_chr19_4896365_4896365_4896365_4896365	chr19	4896365	4896365	4896365	4896365	5803	5803	6082	6082	1	1	0	+	60	9	9	1	0	0
cluster66_chr19_4879460_4879532_4879460_4879532	chr19	4879460	4879532	4879460	4879532	5803	5806	6068	6074	1	3	0	+	52	6	6	1624	0	0
cluster68_chr19_4882733_4882824_4882733_4882824	chr19	4882733	4882824	4882733	4882824	5804	5806	6070	6074	0	2	0	+	-	0	0	0	0	0
cluster70_chr19_4879532_4879532_4879532_4879532	chr19	4879532	4879532	4879532	4879532	5804	5804	6074	6074	0	1	0	-	-	0	0	0	0	0
cluster71_chr19_4794580_4794580_4794580_4794580	chr19	4794580	4794580	4794580	4794580	5838	5838	6043	6043	0	1	0	-	-	0	0	0	0	0
cluster72_chr19_4794580_4794580_4794580_4794580	chr19	4794580	4794580	4794580	4794580	5963	5963	6040	6040	0	1	0	+	-	0	0	0	0	0
cluster73_chr19_4873154_4873154_4873154_4873154	chr19	4873154	4873154	4873154	4873154	5803	5803	6072	6072	0	1	0	-	-	0	0	0	0	0
cluster74_chr19_4871753_4871753_4871753_4871753	chr19	4871753	4871753	4871753	4871753	5803	5803	6072	6072	0	1	0	-	-	0	0	0	0	0
cluster75_chr19_4603930_4603930_4603930_4603930	chr19	4603930	4603930	4603930	4603930	5932	5932	6050	6050	0	1	0	-	-	0	0	0	0	0
cluster77_chr19_4609495_4609495_4609495_4609495	chr19	4609495	4609495	4609495	4609495	5932	5932	6050	6050	0	1	0	-	-	0	0	0	0	0
cluster78_chr19_4599805_4599842_4599805_4599842	chr19	4599805	4599842	4599805	4599842	5932	5932	6050	6050	0	2	0	-	-	0	0	0	0	0
cluster79_chr19_4619690_4619704_4619690_4619704	chr19	4619690	4619704	4619690	4619704	5938	5939	6048	6052	0	2	0	-	-	0	0	0	0	0
cluster80_chr19_4887631_4887631_4887631_4887631	chr19	4887631	4887631	4887631	4887631	5803	5803	6082	6082	0	1	0	-	-	0	0	0	0	0
cluster84_chr19_4606444_4606444_4606444_4606444	chr19	4606444	4606444	4606444	4606444	5936	5936	6043	6043	0	1	0	+	-	0	0	0	0	0
cluster85_chr19_4592039_4592039_4592039_4592039	chr19	4592039	4592039	4592039	4592039	5906	5906	6044	6044	0	1	0	-	-	0	0	0	0	0
cluster86_chr19_4585233_4585233_4585233_4585233	chr19	4585233	4585233	4585233	4585233	5906	5906	6044	6044	0	1	0	-	-	0	0	0	0	0
cluster87_chr19_4583219_4583219_4583219_4583219	chr19	4583219	4583219	4583219	4583219	5906	5906	6044	6044	0	1	0	-	-	0	0	0	0	0
cluster88_chr19_4901695_4901695_4901695_4901695	chr19	4901695	4901695	4901695	4901695	5898	5898	6057	6057	0	1	0	+	-	0	0	0	0	0
cluster89_chr19_4900255_4900255_4900255_4900255	chr19	4900255	4900255	4900255	4900255	5898	5898	6057	6057	0	1	0	+	-	0	0	0	0	0
cluster90_chr19_4708796_4708796_4708796_4708796	chr19	4708796	4708796	4708796	4708796	5794	5794	6022	6022	0	1	0	-	-	0	0	0	0	0
cluster91_chr19_4875993_4875993_4875993_4875993	chr19	4875993	4875993	4875993	4875993	5805	5805	6067	6067	0	1	0	+	-	0	0	0	0	0
cluster92_chr19_4599237_4599237_4599237_4599237	chr19	4599237	4599237	4599237	4599237	5932	5932	6046	6046	0	1	0	-	-	0	0	0	0	0
cluster93_chr19_4543210_4543210_4543210_4543210	chr19	4543210	4543210	4543210	4543210	5947	5947	6048	6048	0	1	0	+	-	0	0	0	0	0
cluster94_chr19_4542277_4542277_4542277_4542277	chr19	4542277	4542277	4542277	4542277	5947	5947	6048	6048	0	1	0	+	-	0	0	0	0	0
cluster95_chr19_4613113_4613113_4613113_4613113	chr19	4613113	4613113	4613113	4613113	5953	5953	6049	6049	0	1	0	+	-	0	0	0	0	0
cluster96_chr19_4604203_4604203_4604203_4604203	chr19	4604203	4604203	4604203	4604203	5953	5953	6049	6049	0	1	0	+	-	0	0	0	0	0
cluster97_chr19_4603740_4603740_4603740_4603740	chr19	4603740	4603740	4603740	4603740	5953	5953	6049	6049	0	1	0	-	-	0	0	0	0	0
cluster98_chr19_4875356_4875356_4875356_4875356	chr19	4875356	4875356	4875356	4875356	5804	5804	6057	6057	0	1	0	+	-	0	0	0	0	0
cluster99_chr19_4875685_4875685_4875685_4875685	chr19	4875685	4875685	4875685	4875685	5804	5804	6057	6057	0	1	0	-	-	0	0	0	0	0
cluster100_chr19_4606953_4606953_4606953_4606953	chr19	4606953	4606953	4606953	4606953	5944	5944	6054	6054	0	1	0	+	-	0	0	0	0
cluster101_chr19_4626655_4626655_4626655_4626655	chr19	4626655	4626655	4626655	4626655	5926	5926	6032	6032	0	1	0	+	-	0	0	0	0
cluster102_chr19_4624811_4624811_4624811_4624811	chr19	4624811	4624811	4624811	4624811	5926	5926	6032	6032	0	1	0	+	-	0	0	0	0
cluster103_chr19_4621524_4621524_4621524_4621524	chr19	4621524	4621524	4621524	4621524	5926	5926	6032	6032	0	1	0	+	-	0	0	0	0
cluster104_chr19_4617788_4617788_4617788_4617788	chr19	4617788	4617788	4617788	4617788	5926	5926	6032	6032	0	1	0	+	-	0	0	0	0
cluster105_chr19_4896593_4896593_4896593_4896593	chr19	4896593	4896593	4896593	4896593	5970	5970	6071	6071	0	1	0	-	-	0	0	0	0
cluster106_chr19_4890980_4890980_4890980_4890980	chr19	4890980	4890980	4890980	4890980	5970	5970	6071	6071	0	1	0	-	-	0	0	0	0
cluster107_chr19_4614003_4614003_4614003_4614003	chr19	4614003	4614003	4614003	4614003	5980	5980	6046	6046	0	1	0	+	-	0	0	0	0

cluster108_chr19_4600251_4600251_4600251_4600251	chr19	4600251	4600251	4600251	4600251	5980	5980	6046	6046	0	1	0	-	-	0	0	0	0